-2.648216474079352345e-01
1.887303667964755072e-01
-4.375715043568580848e-02
2.375250814360725660e-01
7.147955250853202380e-02
9.908999648874383670e-02
-5.440559632066072071e-01
2.508116894258633489e-01
-2.078848063317947914e-01
9.092872753612812886e-01
8.959768140599853048e-01
-6.016669051274871061e-01
3.939522008062528724e-01
4.084923289761853149e-01
-6.466766526515942415e-01
9.377522230623554222e-02
3.632503969015063450e-01
5.476888966270315739e-01
3.490529685871199828e-01
7.196113339870384706e-01
