# Temperature (UPSIDE units) | Diffusion Constant (UPSIDE units: Ų/time_unit) | R-squared
# Note: Each W bead represents 4 water molecules in MARTINI 3.0
# Using robust MSD analysis with position unwrapping
0.50 0.091056 0.991
0.52 0.120695 0.990
0.54 0.097669 0.990
0.56 0.096978 0.988
0.58 0.102121 0.991
0.60 0.096984 0.975
0.62 0.138412 0.962
0.64 0.118551 0.987
0.66 0.100878 0.978
0.68 0.106780 0.975
0.70 0.109192 0.981
0.72 0.122201 0.979
0.74 0.140199 0.989
0.76 0.134969 0.969
0.78 0.128884 0.942
0.80 0.141150 0.974
0.82 0.136868 0.977
0.84 0.127718 0.989
0.86 0.135709 0.971
0.88 0.139082 0.964
0.90 0.139351 0.975
0.92 0.183829 0.987
0.94 0.161756 0.990
0.96 0.246121 0.976
0.98 0.244493 0.979
1.00 0.181946 0.991
1.02 0.184715 0.991
1.04 0.280541 0.986
1.06 0.246963 0.993
1.08 0.276052 0.976
1.10 0.245326 0.985
1.12 0.283875 0.987
1.14 0.294765 0.992
1.16 0.323359 0.979
1.18 0.265203 0.985
1.20 0.283410 0.985
1.22 0.294346 0.980
1.24 0.406748 0.979
1.26 0.282824 0.982
1.28 0.308651 0.969
1.30 0.335037 0.976
1.32 0.216333 0.965
1.34 0.286867 0.974
1.36 0.223572 0.971
1.38 0.348837 0.979
1.40 0.277656 0.985
1.42 0.297747 0.992
1.44 0.269694 0.977
1.46 0.349992 0.982
1.48 0.322658 0.989
1.50 0.289962 0.990
